3 25900
3 4600
3 4000
4 5200
4 4000
4 5900
5 5900
5 6800
5 8100
6 18200
6 11100
6 8200
7 12300
7 11600
7 12700
8 13600
8 17400
8 16800
9 22200
9 15100
9 15700
10 19800
10 23200
10 17600
11 30700
11 24700
11 23100
12 45700
12 36100
12 28000
13 32000
13 32700
13 25900
14 36500
14 38200
14 40400
15 41100
15 46300
15 50000
16 41500
16 45200
16 36200
17 32400
17 54100
17 31900
18 37800
18 53200
18 52700
19 60800
19 45800
19 58300
20 63800
20 74900
20 63500
21 64200
21 45700
21 56000
22 46600
22 47900
22 71000
23 64700
23 60800
23 80000
24 67000
24 78700
24 146300
25 89500
25 87400
25 109900
26 66400
26 61200
26 66200
27 76400
27 89800
27 70500
28 94500
28 89300
28 72700
29 68500
29 126400
29 99600
30 122000
30 106600
30 74300
31 119000
31 133700
31 117700
32 125200
32 110000
32 113300
33 123800
33 124800
33 183700
34 124600
34 139100
34 109000
35 128400
35 98000
35 130500
36 150300
36 130000
36 131400
37 129700
37 125700
37 123700
38 131700
38 145700
38 149100
39 8605200
39 140300
39 162200
40 153800
40 185200
40 143600
41 175800
41 152100
41 175100
42 179100
42 165400
42 181000
43 184700
43 171400
43 202800
44 191400
44 198600
44 193700
45 220200
45 216200
45 192500
46 181200
46 180500
46 220900
47 231000
47 195600
47 214200
48 206900
48 229800
48 224100
49 198000
49 215800
49 218500
50 242600
50 210100
50 232100
51 191500
51 217000
51 217800
52 327700
52 229700
52 237100
53 256700
53 230800
53 262900
54 232500
54 231100
54 246800
55 264100
55 236500
55 188000
56 289700
56 268500
56 240400
57 264900
57 258700
57 225900
58 268800
58 212300
58 252300
59 305400
59 282100
59 245600
60 268700
60 267900
60 169200
61 279400
61 301400
61 296700
62 196500
62 179800
62 315900
63 190100
63 291900
63 191200
64 198400
64 293800
64 295400
65 209100
65 272800
65 299200
66 198000
66 494300
66 286700
67 316600
67 266600
67 285800
68 304100
68 322300
68 377200
69 219600
69 202700
69 218400
70 207500
70 330300
70 334400
71 222900
71 310300
71 342000
72 231900
72 216500
72 227800
73 348500
73 338100
73 201800
74 240100
74 252500
74 345400
75 384700
75 233900
75 240000
76 240900
76 256900
76 227000
77 424800
77 406300
77 435600
78 370800
78 379900
78 320800
79 284200
79 288800
79 361200
80 266900
80 435400
80 401300
81 235400
81 282500
81 275000
82 281900
82 419800
82 263900
83 411500
83 273700
83 277900
84 264000
84 276000
84 442400
85 298700
85 472700
85 276000
86 294100
86 313600
86 292800
87 325900
87 470500
87 454000
88 416200
88 468400
88 486600
89 350600
89 410600
89 324300
90 482300
90 312600
90 305300
91 324600
91 580400
91 289500
92 537800
92 350500
92 361400
93 437300
93 317900
93 328400
94 363200
94 347600
94 331000
95 357000
95 521800
95 312900
96 354700
96 527700
96 330900
97 550000
97 369300
97 359700
98 602900
98 584800
98 589600
99 531400
99 349900
99 396400
100 471100
100 497500
100 349400
