3 11400
3 1600
3 1300
4 1700
4 1400
4 1500
5 2400
5 2100
5 2100
6 3400
6 3000
6 2900
7 4400
7 3800
7 3500
8 5300
8 5800
8 4900
9 6300
9 5800
9 5500
10 7700
10 7700
10 7700
11 9400
11 8800
11 8700
12 11100
12 10600
12 11300
13 11300
13 13100
13 13800
14 16700
14 15400
14 15500
15 18100
15 17200
15 18600
16 21600
16 21000
16 21900
17 22500
17 20500
17 22100
18 23200
18 25200
18 24900
19 25500
19 25200
19 27100
20 33600
20 33500
20 33200
21 36600
21 35100
21 35800
22 39800
22 38300
22 37400
23 28100
23 39600
23 42500
24 45300
24 44400
24 43700
25 45500
25 52600
25 48200
26 46400
26 70000
26 51900
27 54100
27 49600
27 55600
28 65200
28 58000
28 66600
29 47300
29 74400
29 45100
30 72600
30 72500
30 42900
31 75500
31 75500
31 81200
32 87300
32 91400
32 84800
33 50200
33 79500
33 87800
34 53700
34 87700
34 55500
35 55700
35 92200
35 59600
36 57000
36 106500
36 94500
37 104900
37 96000
37 105200
38 87900
38 106900
38 95100
39 122600
39 151700
39 104400
40 111600
40 129900
40 113800
41 127400
41 139900
41 125700
42 135200
42 77800
42 145900
43 81400
43 116200
43 121300
44 89100
44 161300
44 158900
45 87100
45 119400
45 160600
46 160800
46 164300
46 153200
47 142900
47 153700
47 121600
48 178400
48 177800
48 134600
49 179100
49 167300
49 104900
50 190000
50 110200
50 142200
51 215400
51 178600
51 215400
52 234300
52 146300
52 133100
53 147400
53 144600
53 228800
54 226800
54 125500
54 156600
55 232800
55 131300
55 244700
56 268700
56 175000
56 156800
57 167700
57 189000
57 251300
58 158200
58 147800
58 187000
59 265000
59 189500
59 153900
60 277100
60 177600
60 280800
61 304500
61 160800
61 158200
62 307500
62 170800
62 322100
63 324700
63 206500
63 171300
64 291400
64 302100
64 291400
65 214300
65 317500
65 233000
66 191300
66 199400
66 329500
67 201200
67 408400
67 204600
68 246900
68 395000
68 234500
69 207500
69 240700
69 202300
70 379700
70 211400
70 227300
71 220000
71 427700
71 368900
72 377800
72 445100
72 255600
73 272300
73 449800
73 513100
74 381500
74 345100
74 404200
75 432200
75 272100
75 284100
76 284400
76 453300
76 243600
77 490300
77 481300
77 482600
78 326000
78 438300
78 302300
79 403000
79 480600
79 470300
80 326700
80 521600
80 528300
81 550500
81 527000
81 514200
82 588100
82 560100
82 548500
83 338200
83 538400
83 490200
84 568100
84 589300
84 546100
85 644900
85 526900
85 610600
86 622700
86 588100
86 537600
87 723600
87 569800
87 594700
88 561300
88 611000
88 620300
89 655400
89 575000
89 593400
90 624500
90 627400
90 672600
91 1249700
91 695200
91 631200
92 672100
92 675500
92 693500
93 666200
93 720900
93 726500
94 683800
94 1042200
94 666300
95 700800
95 707700
95 699100
96 705800
96 771200
96 781800
97 780300
97 680000
97 748300
98 725200
98 746100
98 730300
99 708300
99 731800
99 756400
100 917700
100 713800
100 817600
