3 11800
3 1100
3 900
4 1600
4 1600
4 1900
5 2200
5 2200
5 2600
6 3300
6 3200
6 3300
7 4400
7 4000
7 5000
8 5000
8 5700
8 5400
9 6700
9 7200
9 7000
10 7700
10 8200
10 7800
11 10100
11 9200
11 9400
12 11500
12 12100
12 12100
13 13600
13 14400
13 14500
14 15800
14 15700
14 16100
15 17800
15 17500
15 18300
16 19700
16 20100
16 20600
17 25100
17 21600
17 23500
18 20000
18 27500
18 32300
19 24800
19 19700
19 28500
20 27800
20 27100
20 27900
21 35200
21 39600
21 32700
22 42200
22 39000
22 36200
23 48900
23 45900
23 26900
24 46500
24 77400
24 78900
25 91000
25 92300
25 92400
26 97200
26 86500
26 186700
27 85900
27 89600
27 90000
28 97800
28 101800
28 58300
29 109500
29 101600
29 62200
30 69500
30 123400
30 122700
31 110900
31 104800
31 96300
32 107700
32 104600
32 105100
33 101100
33 107900
33 154500
34 106900
34 75700
34 100100
35 68200
35 68800
35 64600
36 126000
36 104500
36 118800
37 72100
37 114000
37 134500
38 135000
38 76800
38 115100
39 132600
39 153100
39 133400
40 128500
40 129700
40 127300
41 143900
41 81900
41 122500
42 126800
42 158000
42 147700
43 156100
43 148800
43 164600
44 144100
44 92900
44 129600
45 96900
45 135500
45 177700
46 114800
46 132600
46 98600
47 142300
47 100100
47 221900
48 171100
48 189700
48 162800
49 135800
49 147400
49 141900
50 214000
50 189900
50 189900
51 124300
51 230900
51 237400
52 168000
52 234100
52 123000
53 133200
53 213600
53 178900
54 131900
54 244400
54 232200
55 134700
55 166400
55 174500
56 292800
56 231900
56 238900
57 254000
57 253700
57 320200
58 346000
58 245900
58 193400
59 194300
59 194900
59 157000
60 167500
60 204800
60 309000
61 320600
61 297400
61 293900
62 320900
62 318400
62 307900
63 340400
63 318100
63 265700
64 336300
64 209100
64 226100
65 332600
65 327400
65 372500
66 196200
66 262200
66 247600
67 206400
67 243800
67 377500
68 424700
68 358500
68 204200
69 289400
69 359900
69 233900
70 252200
70 405700
70 394300
71 432900
71 390900
71 372900
72 300200
72 438200
72 327600
73 285100
73 400300
73 291100
74 231300
74 276200
74 273200
75 244900
75 241800
75 283000
76 498800
76 250900
76 288100
77 285700
77 306600
77 530000
78 471800
78 267500
78 297500
79 468400
79 269500
79 329200
80 281600
80 546800
80 284900
81 357900
81 471700
81 298400
82 512900
82 286800
82 342400
83 298200
83 349100
83 294900
84 498000
84 584300
84 543600
85 589400
85 397700
85 397100
86 505800
86 322900
86 350800
87 611900
87 364300
87 324300
88 372700
88 381800
88 334000
89 380100
89 628100
89 615800
90 446300
90 442300
90 421000
91 473200
91 550200
91 412400
92 358600
92 460400
92 420900
93 430400
93 301800
93 533800
94 355600
94 328200
94 526200
95 324900
95 468700
95 469400
96 340200
96 322300
96 567100
97 336200
97 351700
97 533100
98 344200
98 343000
98 541400
99 396800
99 380700
99 604300
100 423900
100 334900
100 507500
